         Ek=  6.204517E+01   U= -2.639033E+02   P=  5.009400E+00
 Rcm=  -2.6067005956705257E-002   9.5485221676336694E-003   2.7580451338139481E-002
 Diffusivity=   0.0000000000000000      nm^2/fs
