         Ek=  5.687759E+01   U= -2.683001E+02   P=  4.968148E+00
 Rcm=   6.8593820072910261E-002  -1.6865387247796310E-002  -8.6794839939653493E-003
 Diffusivity=   0.0000000000000000      nm^2/fs
