         Ek=  1.085715E+02   U= -1.919341E+02   P=  4.296334E+00
 Rcm= -0.17796108378475908      -0.62905471838359373      -0.19395877559273891     
 Diffusivity=   0.0000000000000000      nm^2/fs
