         Ek=  4.653527E+01   U= -2.771728E+02   P=  5.181286E+00
 Rcm=   2.5133800607089571E-002   4.9035460695025609E-002   2.4827635062225233E-002
 Diffusivity=   0.0000000000000000      nm^2/fs
