         Ek=  8.789757E+01   U= -2.404295E+02   P=  6.154199E+00
 Rcm=  -1.5850265698229093        2.5834188919040723E-002  -3.2895292448950279E-002
 Diffusivity=  0.84737852374494038      nm^2/fs
