         Ek=  8.790209E+01   U= -2.416391E+02   P=  5.740861E+00
 Rcm= -0.20032498859349279        1.2838606441227586E-002   3.0768616374876004E-002
 Diffusivity=   0.0000000000000000      nm^2/fs
