         Ek=  8.272405E+01   U= -2.457130E+02   P=  6.496601E+00
 Rcm=  -1.0368531313001821       -3.4018289615190787E-002  -4.6961848826482480E-002
 Diffusivity=   0.0000000000000000      nm^2/fs
