         Ek=  1.008092E+02   U= -2.036356E+02   P=  4.205376E+00
 Rcm=  0.10271742533562930      -0.10991928902304099        4.2392898202927944E-002
 Diffusivity=   0.0000000000000000      nm^2/fs
