         Ek=  9.823063E+01   U= -2.034100E+02   P=  4.021604E+00
 Rcm=   3.9346220162860719E-002   3.8145177400023697E-002  -3.4622162451775719E-002
 Diffusivity=   0.0000000000000000      nm^2/fs
