         Ek=  5.170151E+01   U= -2.727081E+02   P=  4.922712E+00
 Rcm=   3.8646086961897988E-002  -4.4156216282526708E-002   3.0544520608996699E-002
 Diffusivity=   0.0000000000000000      nm^2/fs
