         Ek=  9.306928E+01   U= -2.317043E+02   P=  5.266667E+00
 Rcm=   6.0712928706196947E-002   2.9214390690588822E-002   5.3824726358117317E-002
 Diffusivity=   0.0000000000000000      nm^2/fs
