         Ek=  1.033929E+02   U= -2.041765E+02   P=  4.219707E+00
 Rcm=  -1.3483756236581461       -8.8197437218074052E-003 -0.12209405452667410     
 Diffusivity=   0.0000000000000000      nm^2/fs
